'B->K^*::FormFactors[parametric,BSZ]@GRvDV:2023A':
    type: MultivariateGaussian(Covariance)
    observables:
      [ 'B->K^*::alpha^A0_0@BSZ2015',  'B->K^*::alpha^A0_1@BSZ2015',  'B->K^*::alpha^A0_2@BSZ2015',
        'B->K^*::alpha^A1_0@BSZ2015',  'B->K^*::alpha^A1_1@BSZ2015',  'B->K^*::alpha^A1_2@BSZ2015',
                                       'B->K^*::alpha^A12_1@BSZ2015', 'B->K^*::alpha^A12_2@BSZ2015',
        'B->K^*::alpha^V_0@BSZ2015',   'B->K^*::alpha^V_1@BSZ2015',   'B->K^*::alpha^V_2@BSZ2015',
        'B->K^*::alpha^T1_0@BSZ2015',  'B->K^*::alpha^T1_1@BSZ2015',  'B->K^*::alpha^T1_2@BSZ2015',
                                       'B->K^*::alpha^T2_1@BSZ2015',  'B->K^*::alpha^T2_2@BSZ2015',
        'B->K^*::alpha^T23_0@BSZ2015', 'B->K^*::alpha^T23_1@BSZ2015', 'B->K^*::alpha^T23_2@BSZ2015']
    kinematics:
      [ {}, {}, {}, {}, {}, {}, {}, {}, {}, {}, {}, {}, {}, {}, {}, {}, {}, {}, {} ]
    options:
      [ {}, {}, {}, {}, {}, {}, {}, {}, {}, {}, {}, {}, {}, {}, {}, {}, {}, {}, {} ]
    means:
      [ 0.34213768, -1.14740932,  2.37275841,
        0.28926565,  0.45994786,  1.22417351,
                     0.5511594 ,  0.57813167,
        0.36280141, -1.08931588,  2.80292123,
        0.31924221, -0.96188597,  2.09305925,
                     0.59323779,  1.6795425 ,
        0.62123502,  0.97330702,  1.82128227 ]
    covariance:
      - [ 7.04335096e-04,  3.02586340e-04, -1.97247218e-02,  2.91887697e-04,  1.07377699e-03, -5.52058107e-04,  4.50822372e-03,  1.08166688e-02,  2.57685509e-04, -4.46661067e-04, -3.18699997e-03,  2.04515093e-04, -5.02673466e-05, -3.30642711e-03,  9.75176889e-04,  7.59583987e-04,  3.40224655e-04,  1.25634038e-03, -1.68277465e-03 ]
      - [ 3.02586340e-04,  3.92338350e-02,  1.27772176e-01, -3.86687657e-05,  4.55751871e-03,  2.83219171e-03,  1.65903167e-02,  7.53963733e-02, -3.35194806e-04,  4.06907283e-03, -3.36073947e-02, -1.89503848e-04,  1.59414076e-04,  5.70016999e-03, -7.52654052e-04, -4.07731261e-04, -4.56100677e-04, -1.13851602e-03,  6.65588206e-03 ]
      - [-1.97247218e-02,  1.27772176e-01,  3.17107088e+00, -3.46322226e-03, -2.35679137e-02,  1.63431068e-01, -1.18364854e-01,  7.28720833e-02, -1.24221506e-03, -2.80426757e-02,  3.41138318e-01, -1.19244629e-03,  7.25569789e-04,  1.97007388e-02, -4.82409049e-03, -1.84260659e-02, -6.38760406e-03, -1.92905646e-02,  1.15171186e-01 ]
      - [ 2.91887697e-04, -3.86687657e-05, -3.46322226e-03,  3.68436303e-04,  1.19093695e-03, -3.33266091e-03,  1.66398713e-03,  4.90951987e-03,  4.34204053e-04, -2.73332528e-04, -1.14693704e-02,  3.36548431e-04,  2.81164250e-05, -6.01831055e-03,  1.73323967e-03,  1.50018005e-03,  4.14383967e-04,  1.66220159e-03,  5.73757594e-04 ]
      - [ 1.07377699e-03,  4.55751871e-03, -2.35679137e-02,  1.19093695e-03,  1.67466473e-02,  5.22125234e-02,  2.48547171e-02,  1.33990137e-01,  1.71780287e-03,  1.64240802e-03, -7.70080200e-02,  1.35213313e-03,  4.88391912e-04, -2.22321270e-02,  7.26133560e-03,  7.95207099e-03,  1.67051200e-03,  6.87476758e-03,  3.47997374e-03 ]
      - [-5.52058107e-04,  2.83219171e-03,  1.63431068e-01, -3.33266091e-03,  5.22125234e-02,  5.50458371e-01,  7.59477923e-02,  5.84531632e-01, -1.55110003e-03, -7.07774055e-03,  1.31937586e-01, -1.32612899e-03,  9.44230021e-05,  3.51951924e-02, -6.22346685e-03,  3.76281474e-03, -1.22114704e-03, -5.25200986e-03,  6.04872633e-04 ]
      - [ 4.50822372e-03,  1.65903167e-02, -1.18364854e-01,  1.66398713e-03,  2.48547171e-02,  7.59477923e-02,  1.15849525e-01,  6.42415595e-01,  1.37645650e-03,  2.28025782e-03, -8.26787480e-02,  1.11148807e-03,  1.78678462e-04, -1.16786589e-02,  5.79332367e-03,  5.70431735e-03,  1.83414360e-03,  6.30676349e-03, -1.71950383e-02 ]
      - [ 1.08166688e-02,  7.53963733e-02,  7.28720833e-02,  4.90951987e-03,  1.33990137e-01,  5.84531632e-01,  6.42415595e-01,  4.23875514e+00,  4.81766899e-03,  7.48473947e-03, -3.19441182e-01,  3.65061433e-03,  9.90804070e-04, -2.36918236e-02,  2.15202847e-02,  2.85123417e-02,  5.04484217e-03,  1.62532568e-02, -5.27745698e-02 ]
      - [ 2.57685509e-04, -3.35194806e-04, -1.24221506e-03,  4.34204053e-04,  1.71780287e-03, -1.55110003e-03,  1.37645650e-03,  4.81766899e-03,  8.23497843e-04, -1.41224281e-03, -3.54838885e-02,  4.71966139e-04,  2.01773035e-05, -8.69684711e-03,  2.41639201e-03,  1.94269238e-03,  5.77544235e-04,  2.23716471e-03,  2.68531305e-04 ]
      - [-4.46661067e-04,  4.06907283e-03, -2.80426757e-02, -2.73332528e-04,  1.64240802e-03, -7.07774055e-03,  2.28025782e-03,  7.48473947e-03, -1.41224281e-03,  2.88456016e-02,  1.15556811e-01, -2.12577545e-04,  4.56752658e-04,  5.00815588e-03, -9.03111329e-04, -5.72697454e-04, -4.40246402e-04, -7.03442524e-04,  8.20600944e-03 ]
      - [-3.18699997e-03, -3.36073947e-02,  3.41138318e-01, -1.14693704e-02, -7.70080200e-02,  1.31937586e-01, -8.26787480e-02, -3.19441182e-01, -3.54838885e-02,  1.15556811e-01,  4.14257392e+00, -1.35171820e-02, -3.44202317e-03,  3.01128297e-01, -7.57830497e-02, -6.82777859e-02, -1.58651366e-02, -5.66120908e-02,  8.01859583e-02 ]
      - [ 2.04515093e-04, -1.89503848e-04, -1.19244629e-03,  3.36548431e-04,  1.35213313e-03, -1.32612899e-03,  1.11148807e-03,  3.65061433e-03,  4.71966139e-04, -2.12577545e-04, -1.35171820e-02,  4.39035362e-04, -4.39640804e-04, -1.08001037e-02,  1.73103706e-03, -1.31834787e-03,  4.69912964e-04,  1.60739731e-03,  6.62908482e-04 ]
      - [-5.02673466e-05,  1.59414076e-04,  7.25569789e-04,  2.81164250e-05,  4.88391912e-04,  9.44230021e-05,  1.78678462e-04,  9.90804070e-04,  2.01773035e-05,  4.56752658e-04, -3.44202317e-03, -4.39640804e-04,  1.88723044e-02,  6.94289101e-02,  4.68941671e-03,  2.14977620e-02, -3.15807079e-04,  5.63549127e-03, -4.29976342e-03 ]
      - [-3.30642711e-03,  5.70016999e-03,  1.97007388e-02, -6.01831055e-03, -2.22321270e-02,  3.51951924e-02, -1.16786589e-02, -2.36918236e-02, -8.69684711e-03,  5.00815588e-03,  3.01128297e-01, -1.08001037e-02,  6.94289101e-02,  1.61340106e+00, -6.10724521e-02,  1.41786389e-01, -6.83319383e-03, -6.69724030e-02,  7.18485309e-02 ]
      - [ 9.75176889e-04, -7.52654052e-04, -4.82409049e-03,  1.73323967e-03,  7.26133560e-03, -6.22346685e-03,  5.79332367e-03,  2.15202847e-02,  2.41639201e-03, -9.03111329e-04, -7.57830497e-02,  1.73103706e-03,  4.68941671e-03, -6.10724521e-02,  3.24990772e-02,  1.33855491e-01,  2.00392858e-03,  1.37925959e-02, -2.43598650e-03 ]
      - [ 7.59583987e-04, -4.07731261e-04, -1.84260659e-02,  1.50018005e-03,  7.95207099e-03,  3.76281474e-03,  5.70431735e-03,  2.85123417e-02,  1.94269238e-03, -5.72697454e-04, -6.82777859e-02, -1.31834787e-03,  2.14977620e-02,  1.41786389e-01,  1.33855491e-01,  9.72301001e-01,  1.59116548e-03,  7.10514660e-03,  1.26294788e-02 ]
      - [ 3.40224655e-04, -4.56100677e-04, -6.38760406e-03,  4.14383967e-04,  1.67051200e-03, -1.22114704e-03,  1.83414360e-03,  5.04484217e-03,  5.77544235e-04, -4.40246402e-04, -1.58651366e-02,  4.69912964e-04, -3.15807079e-04, -6.83319383e-03,  2.00392858e-03,  1.59116548e-03,  1.18774561e-03,  1.44655774e-03, -3.03230173e-02 ]
      - [ 1.25634038e-03, -1.13851602e-03, -1.92905646e-02,  1.66220159e-03,  6.87476758e-03, -5.25200986e-03,  6.30676349e-03,  1.62532568e-02,  2.23716471e-03, -7.03442524e-04, -5.66120908e-02,  1.60739731e-03,  5.63549127e-03, -6.69724030e-02,  1.37925959e-02,  7.10514660e-03,  1.44655774e-03,  9.72300044e-02,  5.36618301e-01 ]
      - [-1.68277465e-03,  6.65588206e-03,  1.15171186e-01,  5.73757594e-04,  3.47997374e-03,  6.04872633e-04, -1.71950383e-02, -5.27745698e-02,  2.68531305e-04,  8.20600944e-03,  8.01859583e-02,  6.62908482e-04, -4.29976342e-03,  7.18485309e-02, -2.43598650e-03,  1.26294788e-02, -3.03230173e-02,  5.36618301e-01,  5.85862899e+00 ]
